Scattering angle = 0
Wavelength	Ref Index (real)	Ref Index (imaginary)	Cext	Csca	Cabs
 400.2083 	 1.46825551288219 	 1.95304671889357 	 9.91422336788478E-16 	 4.29595963915807E-17 	 9.48462740396897E-16 
 400.8529 	 1.46784999335381 	 1.9532900277101 	 9.89464342785493E-16 	 4.26920848912957E-17 	 9.46772257894197E-16 
 401.4986 	 1.46744383642244 	 1.95353371896385 	 9.8751194280902E-16 	 4.2426278953839E-17 	 9.45085663855181E-16 
 402.1453 	 1.46703702334095 	 1.95377780390299 	 9.85565095469829E-16 	 4.21621659495367E-17 	 9.43402929520292E-16 
 402.793 	 1.46662957285647 	 1.95402227127936 	 9.83623788805132E-16 	 4.1899735712364E-17 	 9.41724053092768E-16 
 403.4418 	 1.46622144747471 	 1.95426714358928 	 9.8168801082837E-16 	 4.16389781275674E-17 	 9.40049032700803E-16 
 404.0917 	 1.46581266594282 	 1.95451240958457 	 9.79757720577843E-16 	 4.13798808074273E-17 	 9.38377839770416E-16 
 404.7425 	 1.4654032282608 	 1.95475806926526 	 9.77832915891109E-16 	 4.11224345523568E-17 	 9.36710481338752E-16 
 405.3945 	 1.46499313442865 	 1.95500412263133 	 9.75913565685229E-16 	 4.08666278986034E-17 	 9.35046937786626E-16 
 406.0475 	 1.46458236569922 	 1.95525058093093 	 9.73999648641454E-16 	 4.06124502310552E-17 	 9.33387198410399E-16 
 406.7015 	 1.46417094081966 	 1.95549743291593 	 9.72091143526817E-16 	 4.03598910032905E-17 	 9.31731252523527E-16 
 407.3566 	 1.46375885978996 	 1.95574467858631 	 9.70188029193878E-16 	 4.01089397371505E-17 	 9.30079089456728E-16 
 408.0127 	 1.46334612261014 	 1.95599231794207 	 9.68290294067192E-16 	 3.98595867687311E-17 	 9.28430707298461E-16 
 408.6699 	 1.46293271053303 	 1.95624036223138 	 9.66397917088344E-16 	 3.96118217412964E-17 	 9.26786095347048E-16 
 409.3282 	 1.46251862355865 	 1.95648881145423 	 9.64510867851409E-16 	 3.93656336280593E-17 	 9.2514523422335E-16 
 409.9875 	 1.46210388043414 	 1.95673765436246 	 9.62629134954501E-16 	 3.91210129525363E-17 	 9.23508122001965E-16 
 410.6479 	 1.4616884811595 	 1.95698689095607 	 9.60752688214786E-16 	 3.88779488300178E-17 	 9.21874739384768E-16 
 411.3093 	 1.46127238824043 	 1.95723654373138 	 9.58881516345007E-16 	 3.86364319069979E-17 	 9.20245084438009E-16 
 411.9718 	 1.46085563917123 	 1.95748659019208 	 9.57015589384091E-16 	 3.83964514390734E-17 	 9.18619137945018E-16 
 412.6354 	 1.46043821520475 	 1.95773704158631 	 9.5515490545716E-16 	 3.81579989089262E-17 	 9.16996906548234E-16 
 413.3001 	 1.46002011634099 	 1.95798789791409 	 9.5329942547176E-16 	 3.79210629871418E-17 	 9.15378362484618E-16 
 413.9658 	 1.45963203503697 	 1.95763194157689 	 9.5161128457356E-16 	 3.76736682902174E-17 	 9.13937616283342E-16 
 414.6326 	 1.45924485824852 	 1.95724476478844 	 9.49935766508792E-16 	 3.74273955797276E-17 	 9.12508370929065E-16 
 415.3004 	 1.45885705848857 	 1.95685696502849 	 9.48265749409079E-16 	 3.71827586276701E-17 	 9.11082990781409E-16 
 415.9694 	 1.45846863575712 	 1.95646854229704 	 9.46601227571827E-16 	 3.69397465761493E-17 	 9.09661480995677E-16 
 416.6394 	 1.45807959005416 	 1.95607949659408 	 9.44942195327607E-16 	 3.66983486385862E-17 	 9.0824384668902E-16 
 417.3105 	 1.45768992137971 	 1.95568982791963 	 9.4328861355834E-16 	 3.64585538130134E-17 	 9.06830059745327E-16 
 417.9827 	 1.45729962973375 	 1.95529953627367 	 9.41640460040075E-16 	 3.62203513160021E-17 	 9.05420108724073E-16 
 418.6559 	 1.45690869781153 	 1.95490860435144 	 9.39997712649984E-16 	 3.59837304368905E-17 	 9.04013982213094E-16 
 419.3303 	 1.45651712561303 	 1.95451703215295 	 9.38360366055329E-16 	 3.574868067829E-17 	 9.02611685377038E-16 
 420.0057 	 1.45612494774781 	 1.95412485428772 	 9.3672838161072E-16 	 3.55151913312361E-17 	 9.01213190279484E-16 
 420.6822 	 1.45573212960631 	 1.95373203614623 	 9.35101754149557E-16 	 3.52832520400861E-17 	 8.99818502109471E-16 
 421.3598 	 1.45533867118855 	 1.95333857772847 	 9.33480445260217E-16 	 3.50528522395073E-17 	 8.9842759302071E-16 
 422.0385 	 1.45494458979929 	 1.95294449633921 	 9.31864449940734E-16 	 3.482398171373E-17 	 8.97040468227004E-16 
 422.7183 	 1.45454986813376 	 1.95254977467368 	 9.30253730011509E-16 	 3.45966300391679E-17 	 8.95657099972341E-16 
 423.3992 	 1.45415450619197 	 1.95215441273189 	 9.28648297220979E-16 	 3.43707872748692E-17 	 8.94277509946109E-16 
 424.0812 	 1.45375850397391 	 1.95175841051383 	 9.2704809699874E-16 	 3.41464429989594E-17 	 8.9290165399978E-16 
 424.7643 	 1.45336187878435 	 1.95136178532427 	 9.25453124667702E-16 	 3.39235872698972E-17 	 8.91529537397805E-16 
 425.4484 	 1.45296461331852 	 1.95096451985844 	 9.23863359043818E-16 	 3.37022100767695E-17 	 8.90161148967048E-16 
 426.1337 	 1.45256669027166 	 1.95056659681158 	 9.22278779039893E-16 	 3.3482301476327E-17 	 8.88796477563566E-16 
 426.8201 	 1.4521681442533 	 1.95016805079322 	 9.20699347162162E-16 	 3.32638514591489E-17 	 8.87435495703013E-16 
 427.5076 	 1.45176894065392 	 1.94976884719383 	 9.19125075538736E-16 	 3.30468504834126E-17 	 8.86078225055323E-16 
 428.1962 	 1.45136911408302 	 1.94936902062294 	 9.17555943320303E-16 	 3.28312888041577E-17 	 8.84724654516145E-16 
 428.8859 	 1.4509686299311 	 1.94896853647102 	 9.15991896847297E-16 	 3.26171564795717E-17 	 8.83374740367726E-16 
 429.5767 	 1.45056750550292 	 1.94856741204283 	 9.14432948433237E-16 	 3.24044441614682E-17 	 8.82028504271769E-16 
 430.2687 	 1.4501657234937 	 1.94816563003362 	 9.12879061094189E-16 	 3.21931421712103E-17 	 8.80685918922979E-16 
 430.9617 	 1.44859792910764 	 1.94731892731587 	 9.1223371284757E-16 	 3.20034282350077E-17 	 8.80230284612562E-16 
 431.6559 	 1.44621053524855 	 1.94615933961393 	 9.12212175837657E-16 	 3.18287265986952E-17 	 8.80383449238962E-16 
 432.3512 	 1.44381934910967 	 1.94499790995325 	 9.12199209064546E-16 	 3.16552306843885E-17 	 8.80543978380158E-16 
 433.0476 	 1.44142437069103 	 1.94383463833383 	 9.12194907383873E-16 	 3.14829343266859E-17 	 8.80711973057187E-16 
 433.7451 	 1.43902549749856 	 1.942669474973 	 9.12199284240865E-16 	 3.13118298265916E-17 	 8.80887454414273E-16 
 434.4437 	 1.43662272953227 	 1.94150241987076 	 9.12212270906015E-16 	 3.11419079566783E-17 	 8.81070362949336E-16 
 435.1435 	 1.4342161692862 	 1.94033352280977 	 9.12233963873798E-16 	 3.09731627204732E-17 	 8.81260801153325E-16 
 435.8444 	 1.43180561177226 	 1.93916268422471 	 9.12264377780177E-16 	 3.08055865902173E-17 	 8.81458791189959E-16 
 436.5464 	 1.42939126197855 	 1.93799000368091 	 9.12303527665163E-16 	 3.0639172094546E-17 	 8.81664355570617E-16 
 437.2496 	 1.42697301741102 	 1.93681543139569 	 9.12351428975894E-16 	 3.0473911818139E-17 	 8.81877517157754E-16 
 437.9539 	 1.42455087806966 	 1.93563896736906 	 9.12408014203014E-16 	 3.03097968204278E-17 	 8.82098217382587E-16 
 438.6593 	 1.42212484395448 	 1.93446061160103 	 9.1247346618777E-16 	 3.01468229599616E-17 	 8.82326643227808E-16 
 439.3659 	 1.41969481257144 	 1.93328031430891 	 9.12547718412687E-16 	 2.99849814056038E-17 	 8.82562737007084E-16 
 440.0736 	 1.41726098890861 	 1.93209817505806 	 9.12630787985172E-16 	 2.98242649627877E-17 	 8.82806523022385E-16 
 440.7824 	 1.41482316797792 	 1.93091409428312 	 9.12722776462362E-16 	 2.9664668068713E-17 	 8.83058108393649E-16 
 441.4924 	 1.4123814522734 	 1.92972812176677 	 9.1282353391683E-16 	 2.9506180481517E-17 	 8.83317353435313E-16 
 442.2035 	 1.40993584179507 	 1.92854025750901 	 9.12933246959682E-16 	 2.93487983227516E-17 	 8.8358444863693E-16 
 442.9158 	 1.40748623404886 	 1.92735045172718 	 9.1305193492421E-16 	 2.91925146109492E-17 	 8.83859420313261E-16 
 443.6292 	 1.40503262903478 	 1.92615870442126 	 9.13179532882111E-16 	 2.90373208435575E-17 	 8.84142212038554E-16 
 444.3438 	 1.40257512924688 	 1.92496506537394 	 9.13316060540571E-16 	 2.88832101473481E-17 	 8.84432850393223E-16 
 445.0595 	 1.40011373468515 	 1.9237695345852 	 9.13461623106195E-16 	 2.87301772743569E-17 	 8.84731445831838E-16 
 445.7764 	 1.39764834285556 	 1.92257206227239 	 9.13616241707357E-16 	 2.85782154538433E-17 	 8.85038026253513E-16 
 446.4944 	 1.39517895375809 	 1.92137264843549 	 9.13779937932817E-16 	 2.84273179670076E-17 	 8.85352619965809E-16 
 447.2136 	 1.39270556739276 	 1.92017129307452 	 9.13952648248572E-16 	 2.82774765757856E-17 	 8.85675171672786E-16 
 447.9339 	 1.39022818375955 	 1.91896799618946 	 9.14134566170302E-16 	 2.81286878067504E-17 	 8.86005878363552E-16 
 448.6554 	 1.38774690535253 	 1.917762807563 	 9.14325543334847E-16 	 2.79809419538571E-17 	 8.8634460138099E-16 
 449.3781 	 1.38526152718358 	 1.91655562762979 	 9.14525688796059E-16 	 2.78342340738786E-17 	 8.86691454722181E-16 
 450.1019 	 1.38277215174676 	 1.9153465061725 	 9.14735026501637E-16 	 2.76885577031336E-17 	 8.87046468798503E-16 
 450.8269 	 1.38027888153612 	 1.9141354929738 	 9.14953667387084E-16 	 2.75439079962534E-17 	 8.87409759390831E-16 
 451.5531 	 1.37780523412482 	 1.91196204160898 	 9.15472993203233E-16 	 2.73864047324413E-17 	 8.88086588470791E-16 
 452.2804 	 1.37533051296183 	 1.90966408594232 	 9.16037218881844E-16 	 2.72283597546159E-17 	 8.88808859127228E-16 
 453.0089 	 1.3728519386724 	 1.90736255237205 	 9.166122312302E-16 	 2.70713920229096E-17 	 8.89540839207291E-16 
 453.7386 	 1.37036930846038 	 1.90505725258747 	 9.17198158041744E-16 	 2.69154952875951E-17 	 8.90282662754149E-16 
 454.4695 	 1.36788272372384 	 1.90274828074393 	 9.1779482525444E-16 	 2.67606605682987E-17 	 8.91034164686141E-16 
 455.2015 	 1.36539208306472 	 1.90043554268607 	 9.18402563671576E-16 	 2.66068835674154E-17 	 8.9179568010416E-16 
 455.9347 	 1.36289738648303 	 1.89811903841389 	 9.19021199643413E-16 	 2.64541554059475E-17 	 8.92567044237465E-16 
 456.6691 	 1.36039873537681 	 1.89579886208275 	 9.196508632586E-16 	 2.63024700314614E-17 	 8.93348393227139E-16 
 457.4047 	 1.35789612974608 	 1.89347501369265 	 9.20291481831042E-16 	 2.61518195925481E-17 	 8.94139662238494E-16 
 458.1414 	 1.3553893667947 	 1.89114730493287 	 9.20943186595232E-16 	 2.60021981332536E-17 	 8.94940988461979E-16 
 458.8794 	 1.35287864931881 	 1.88881592411413 	 9.21606007561677E-16 	 2.585359882209E-17 	 8.95752408739587E-16 
 459.6185 	 1.35036387592033 	 1.88648077708107 	 9.22279975063628E-16 	 2.57060148758048E-17 	 8.96573960187823E-16 
 460.3588 	 1.34784504659928 	 1.8841418638337 	 9.22965016687079E-16 	 2.55594386400067E-17 	 8.97405578047073E-16 
 461.1003 	 1.34532216135564 	 1.881799184372 	 9.23661369281158E-16 	 2.54138652656754E-17 	 8.98247504015483E-16 
 461.843 	 1.34279511879135 	 1.87945264454063 	 9.24368961322552E-16 	 2.5269287192262E-17 	 8.9909967413029E-16 
 462.5869 	 1.34026412170255 	 1.87710243265029 	 9.25087824411934E-16 	 2.51256978258586E-17 	 8.99962126586076E-16 
 463.332 	 1.33772896729311 	 1.87474836039028 	 9.25817990460305E-16 	 2.49830906190035E-17 	 9.00834899841301E-16 
 464.0783 	 1.33518985835914 	 1.87239061607131 	 9.26559596060586E-16 	 2.48414599853547E-17 	 9.01718136075231E-16 
 464.8259 	 1.33264649070647 	 1.87002891722731 	 9.27312465252514E-16 	 2.47007976384689E-17 	 9.02611667614045E-16 
 465.5746 	 1.33009916852928 	 1.86766354632434 	 9.28076944785796E-16 	 2.45610999109235E-17 	 9.03515844874872E-16 
 466.3245 	 1.32754768903144 	 1.8652943150517 	 9.28852753865868E-16 	 2.44223576947901E-17 	 9.04430396171078E-16 
 467.0756 	 1.32499205221296 	 1.86292122340938 	 9.29640241448284E-16 	 2.42845674079158E-17 	 9.05355674040368E-16 
 467.8279 	 1.3224323594719 	 1.86054436555274 	 9.30439125719247E-16 	 2.41477200359756E-17 	 9.06291405683271E-16 
 468.5815 	 1.31986850941019 	 1.85816364732642 	 9.31249757843929E-16 	 2.40118120808326E-17 	 9.07237945763096E-16 
 469.3362 	 1.3173006034259 	 1.85577916288578 	 9.32071961223364E-16 	 2.38768355301461E-17 	 9.08195125693218E-16 
 470.0922 	 1.31472843872289 	 1.85339072392011 	 9.32905876975951E-16 	 2.37427851481211E-17 	 9.09163091827829E-16 
 470.8494 	 1.31215221809731 	 1.85099851874013 	 9.33751540784589E-16 	 2.36096548307335E-17 	 9.10141885953855E-16 
 471.6078 	 1.30861425703624 	 1.84891786222889 	 9.3526503725375E-16 	 2.35028612483119E-17 	 9.11762176005438E-16 
 472.3675 	 1.30024861423399 	 1.84842211939353 	 9.39950313723943E-16 	 2.351928250198E-17 	 9.16431031221963E-16 
 473.1283 	 1.29186951498564 	 1.84792557913747 	 9.4469428979763E-16 	 2.35381729119807E-17 	 9.21156116885649E-16 
 473.8904 	 1.28347695929118 	 1.84742824146071 	 9.49497539405529E-16 	 2.35595635774675E-17 	 9.25937975828062E-16 
 474.6537 	 1.27507061894461 	 1.84693008691397 	 9.54360907681832E-16 	 2.35834935972661E-17 	 9.30777414084566E-16 
 475.4183 	 1.26665082215192 	 1.84643113494652 	 9.59285522311575E-16 	 2.36100105800408E-17 	 9.35675511731534E-16 
 476.184 	 1.25821756891313 	 1.84593138555837 	 9.64271727166503E-16 	 2.36391421959435E-17 	 9.4063258497056E-16 
 476.951 	 1.24977085922822 	 1.84543083874952 	 9.69320950814573E-16 	 2.36709461740508E-17 	 9.45650004640522E-16 
 477.7193 	 1.24131036489121 	 1.84492947507068 	 9.74434108086383E-16 	 2.37054676636537E-17 	 9.50728640422729E-16 
 478.4888 	 1.23283641410808 	 1.84442731397114 	 9.79611853423164E-16 	 2.37427458376642E-17 	 9.558691075855E-16 
 479.2595 	 1.22434867867284 	 1.84392433600162 	 9.84855406280596E-16 	 2.37828364040997E-17 	 9.61072569876496E-16 
 480.0314 	 1.21584715858549 	 1.84342054116211 	 9.90165449227513E-16 	 2.38257816466873E-17 	 9.66339667580826E-16 
 480.8046 	 1.20733185384603 	 1.84291592945261 	 9.95543239935464E-16 	 2.38716409315644E-17 	 9.71671599003899E-16 
 481.5791 	 1.19880309266046 	 1.84241052032241 	 1.00098977634413E-15 	 2.39204678937737E-17 	 9.77069308450354E-16 
 482.3548 	 1.19026054682277 	 1.84190429432223 	 1.00650607350412E-15 	 2.39723180617534E-17 	 9.82533755442368E-16 
 483.1317 	 1.18170421633297 	 1.84139725145206 	 1.01209287169374E-15 	 2.40272406911541E-17 	 9.8806563100259E-16 
 483.9099 	 1.17313410119106 	 1.8408893917119 	 1.01775180182111E-15 	 2.40853116663319E-17 	 9.93666490154776E-16 
 484.6894 	 1.16455020139704 	 1.84038071510176 	 1.02348364151062E-15 	 2.41465845185404E-17 	 9.99337056992081E-16 
 485.4701 	 1.15595251695091 	 1.83987122162162 	 1.02928917503331E-15 	 2.42111144804329E-17 	 1.00507806055288E-15 
 486.252 	 1.14734104785266 	 1.83936091127151 	 1.03517010175946E-15 	 2.42789847777568E-17 	 1.01089111698171E-15 
 487.0353 	 1.1387154658963 	 1.83884976460212 	 1.04112754939376E-15 	 2.43502643050366E-17 	 1.01677728508872E-15 
 487.8197 	 1.13007609928782 	 1.83833780106274 	 1.04716204597145E-15 	 2.44250064040978E-17 	 1.02273703956735E-15 
 488.6055 	 1.12142294802723 	 1.83782502065338 	 1.05327536004243E-15 	 2.4503302503127E-17 	 1.0287720575393E-15 
 489.3925 	 1.11275568390853 	 1.83731140392475 	 1.05946867171458E-15 	 2.45852292209671E-17 	 1.03488344249361E-15 
 490.1808 	 1.10407463513771 	 1.83679697032613 	 1.06574286083127E-15 	 2.46708565136613E-17 	 1.04107200431761E-15 
 490.9703 	 1.09537947350878 	 1.83628170040824 	 1.07209913269529E-15 	 2.47602662331739E-17 	 1.04733886646211E-15 
 491.7612 	 1.08667019902174 	 1.83576559417107 	 1.07853935649953E-15 	 2.48535627410251E-17 	 1.05368579375851E-15 
 492.5533 	 1.07794713988258 	 1.83524867106392 	 1.0850641354386E-15 	 2.49508151190523E-17 	 1.06011332031955E-15 
 493.3466 	 1.06920996788531 	 1.8347309116375 	 1.09167505357397E-15 	 2.50521246734047E-17 	 1.06662292890056E-15 
 494.1413 	 1.06045868302992 	 1.8342123158918 	 1.09837305671716E-15 	 2.51575762589431E-17 	 1.07321548045822E-15 
 494.9372 	 1.05169328531642 	 1.83369288382684 	 1.10516010210137E-15 	 2.52672888405166E-17 	 1.07989281326085E-15 
 495.7344 	 1.0429137747448 	 1.8331726154426 	 1.11203716813054E-15 	 2.5381354663924E-17 	 1.08665581346661E-15 
 496.5329 	 1.031033165054 	 1.83829462833736 	 1.11847717076637E-15 	 2.56672255526246E-17 	 1.09280994521375E-15 
 497.3327 	 1.01760123879674 	 1.84622586643079 	 1.12444725795016E-15 	 2.60394306683655E-17 	 1.0984078272818E-15 
 498.1338 	 1.00414728970616 	 1.85417010849189 	 1.13012042574608E-15 	 2.64180023101274E-17 	 1.10370242343595E-15 
 498.9361 	 0.990671818301176 	 1.86212705897592 	 1.13547268968937E-15 	 2.68026856577368E-17 	 1.10867000403163E-15 
 499.7398 	 0.977174824581802 	 1.87009671788289 	 1.14048022390645E-15 	 2.7193276266917E-17 	 1.11328694763953E-15 
 500.5447 	 0.963656308548034 	 1.87807908521281 	 1.14511737503425E-15 	 2.75894729189658E-17 	 1.11752790211529E-15 
 501.351 	 0.950115269161994 	 1.8860747520551 	 1.14935805759269E-15 	 2.79909801923467E-17 	 1.12136707740034E-15 
 502.1585 	 0.936553207980501 	 1.89408283177562 	 1.15317498510451E-15 	 2.83974428201188E-17 	 1.12477754228439E-15 
 502.9674 	 0.922969123965674 	 1.90210391546379 	 1.15653958926419E-15 	 2.8808420017189E-17 	 1.127731169247E-15 
 503.7775 	 0.909363017117514 	 1.91013800311962 	 1.15942371195779E-15 	 2.92235608522989E-17 	 1.13020015110549E-15 
 504.589 	 0.895734887436022 	 1.91818509474312 	 1.16179684264068E-15 	 2.96422914059097E-17 	 1.13215455123477E-15 
 505.4017 	 0.882084734921197 	 1.92624519033427 	 1.16362896336215E-15 	 3.00641245994161E-17 	 1.13356483876273E-15 
 506.2158 	 0.868412559573039 	 1.93431828989308 	 1.16488908182031E-15 	 3.04884801046336E-17 	 1.13440060171568E-15 
 507.0312 	 0.854719362429427 	 1.94240380233011 	 1.1655457465207E-15 	 3.09147272881436E-17 	 1.13463101923255E-15 
 507.8479 	 0.841003141414603 	 1.95050290982425 	 1.16556717921241E-15 	 3.13421839294589E-17 	 1.13422499528295E-15 
 508.6659 	 0.827264897566447 	 1.95861502128604 	 1.16492152546829E-15 	 3.17701617946701E-17 	 1.13315136367362E-15 
 509.4852 	 0.813504630884958 	 1.96674013671549 	 1.16357657129441E-15 	 3.21977798639976E-17 	 1.13137879143042E-15 
 510.3058 	 0.799722341370135 	 1.9748782561126 	 1.16150067941237E-15 	 3.26242897864767E-17 	 1.12887638962589E-15 
 511.1278 	 0.785917027984102 	 1.9830299705668 	 1.15866241110548E-15 	 3.30487035266055E-17 	 1.12561370757887E-15 
 511.9511 	 0.772090692802614 	 1.99119409789923 	 1.15503091386188E-15 	 3.34701671584308E-17 	 1.12156074670345E-15 
 512.7757 	 0.758241333749915 	 1.99937182028876 	 1.15057626331839E-15 	 3.38876355330789E-17 	 1.11668862778531E-15 
 513.6017 	 0.744369951863883 	 2.00756254664595 	 1.14526940472899E-15 	 3.43001070403802E-17 	 1.11096929768861E-15 
 514.4289 	 0.730476547144518 	 2.01576627697079 	 1.13908334263581E-15 	 3.4706394870298E-17 	 1.10437694776551E-15 
 515.2575 	 0.716560118553942 	 2.02398360235274 	 1.13199141900237E-15 	 3.51054983929457E-17 	 1.09688592060943E-15 
 516.0875 	 0.702621667130033 	 2.03221393170234 	 1.12397080560137E-15 	 3.5496103344082E-17 	 1.08847470225728E-15 
 516.9188 	 0.688660191834912 	 2.04045785610904 	 1.11499923452764E-15 	 3.58770882271357E-17 	 1.0791221463005E-15 
 517.7514 	 0.674676693706458 	 2.04871478448341 	 1.10505823570127E-15 	 3.6247167342212E-17 	 1.06881106835906E-15 
 518.5853 	 0.660671172744672 	 2.05698471682543 	 1.09413124489703E-15 	 3.66051207105668E-17 	 1.05752612418646E-15 
 519.4206 	 0.646642627911674 	 2.06526824422455 	 1.08220537356187E-15 	 3.69496679608629E-17 	 1.045255705601E-15 
 520.2573 	 0.632591059207465 	 2.07356536668077 	 1.06927206762675E-15 	 3.72794802820034E-17 	 1.03199258734475E-15 
 521.0953 	 0.619393724140375 	 2.08219350468281 	 1.0546142493971E-15 	 3.75352344870862E-17 	 1.01707901491001E-15 
 521.9346 	 0.613628941018531 	 2.09354102025133 	 1.03389633634318E-15 	 3.73229760716782E-17 	 9.965733602715E-16 
 522.7753 	 0.607854742329878 	 2.1049070696118 	 1.01311674602082E-15 	 3.70985597863359E-17 	 9.76018186234481E-16 
 523.6174 	 0.602071537446886 	 2.11629084694716 	 9.92302946867911E-16 	 3.68625442135749E-17 	 9.55440402654336E-16 
 524.4608 	 0.596278916997085 	 2.12769315807446 	 9.71478955056379E-16 	 3.66154973927212E-17 	 9.34863457663658E-16 
 525.3056 	 0.590476880980475 	 2.1391140029937 	 9.50673193693305E-16 	 3.63579929229269E-17 	 9.14315200770378E-16 
 526.1517 	 0.584665429397057 	 2.15055338170488 	 9.29909183638513E-16 	 3.60906101752237E-17 	 8.9381857346329E-16 
 526.9992 	 0.5788449716193 	 2.16201048839095 	 9.09210772431349E-16 	 3.58139306404343E-17 	 8.73396841790914E-16 
 527.848 	 0.573015098274733 	 2.17348612886897 	 8.88600765781819E-16 	 3.55285360781988E-17 	 8.5307222970362E-16 
 528.6983 	 0.567175399990888 	 2.18498110895596 	 8.68102186487715E-16 	 3.52350104033085E-17 	 8.32867176084407E-16 
 529.5498 	 0.561326695512704 	 2.19649381701785 	 8.47733042286036E-16 	 3.49339217025532E-17 	 8.12799120583483E-16 
 530.4028 	 0.555468166095242 	 2.20802586468872 	 8.27514117405698E-16 	 3.46258430896756E-17 	 7.92888274316023E-16 
 531.2572 	 0.54960063048344 	 2.21957564033449 	 8.07463740632569E-16 	 3.43113363730251E-17 	 7.73152404259543E-16 
 532.1129 	 0.543723679304829 	 2.23114394977219 	 7.87599083212177E-16 	 3.39909538474549E-17 	 7.53608129364722E-16 
 532.97 	 0.53783690318694 	 2.24273159881888 	 7.67936157780215E-16 	 3.36652367905388E-17 	 7.34270920989677E-16 
 533.8284 	 0.531940711502242 	 2.2543377816575 	 7.48489823598945E-16 	 3.33347141139111E-17 	 7.15155109485034E-16 
 534.6883 	 0.526035104250735 	 2.26596249828806 	 7.29273797590187E-16 	 3.29999011682037E-17 	 6.96273896421983E-16 
 535.5495 	 0.520120081432419 	 2.27760574871056 	 7.10299476881316E-16 	 3.26612904707621E-17 	 6.77638186410554E-16 
 536.4122 	 0.514195233674824 	 2.28926833874204 	 6.9157957544873E-16 	 3.23193747769592E-17 	 6.59260200671771E-16 
 537.2762 	 0.50826137972289 	 2.30094865674842 	 6.73124501456523E-16 	 3.19746231632503E-17 	 6.41149878293273E-16 
 538.1416 	 0.502317291459208 	 2.31264912018081 	 6.54943612043656E-16 	 3.16274878213187E-17 	 6.23316124222338E-16 
 539.0084 	 0.496364197001186 	 2.32436731158811 	 6.37044124005937E-16 	 3.12783940914972E-17 	 6.0576572991444E-16 
 539.8766 	 0.490401277603886 	 2.33610484260438 	 6.19433449739438E-16 	 3.09277583231747E-17 	 5.88505691416263E-16 
 540.7462 	 0.484428942639777 	 2.34786090741259 	 6.02119139518029E-16 	 3.05759889463732E-17 	 5.71543150571656E-16 
 541.6172 	 0.478446782736389 	 2.35963631182978 	 5.85106694823538E-16 	 3.0223467017797E-17 	 5.54883227805741E-16 
 542.4896 	 0.472454797893722 	 2.37143105585595 	 5.68399707067272E-16 	 2.98705450994523E-17 	 5.3852916196782E-16 
 543.3634 	 0.466453397484247 	 2.38324433367406 	 5.52003066085154E-16 	 2.95175778404426E-17 	 5.22485488244711E-16 
 544.2386 	 0.460442581507963 	 2.3950761452841 	 5.35918793578442E-16 	 2.91648813610841E-17 	 5.06753912217358E-16 
 545.1152 	 0.454421531219929 	 2.40692810232017 	 5.20149231858418E-16 	 2.88127641425953E-17 	 4.91336467715822E-16 
 545.9933 	 0.448391065365087 	 2.41879859314818 	 5.04696982536627E-16 	 2.84615278637747E-17 	 4.76235454672852E-16 
 546.8727 	 0.442350774570966 	 2.43068842358516 	 4.89562028963756E-16 	 2.81114357063137E-17 	 4.61450593257442E-16 
 547.7536 	 0.436301068210037 	 2.44259678781408 	 4.74744738532655E-16 	 2.77627445374716E-17 	 4.46981993995184E-16 
 548.6359 	 0.430241536909828 	 2.45452449165198 	 4.60244902457542E-16 	 2.74156947766541E-17 	 4.32829207680888E-16 
 549.5196 	 0.426452529725453 	 2.4653382851559 	 4.48422772454937E-16 	 2.70577668481789E-17 	 4.21365005606758E-16 
 550.4047 	 0.422752049267986 	 2.47612254109367 	 4.36941360479672E-16 	 2.6703734774236E-17 	 4.10237625705436E-16 
 551.2912 	 0.419045588236043 	 2.48692422613195 	 4.25719028788714E-16 	 2.6354061033893E-17 	 3.99364967754821E-16 
 552.1792 	 0.415333146629623 	 2.49774334027073 	 4.1475091285036E-16 	 2.60087550754807E-17 	 3.88742157774879E-16 
 553.0686 	 0.411614724448726 	 2.50857988351002 	 4.04034090264022E-16 	 2.56678540328284E-17 	 3.78366236231194E-16 
 553.9595 	 0.407890321693352 	 2.51943385584981 	 3.93563566901436E-16 	 2.53313554325207E-17 	 3.68232211468915E-16 
 554.8518 	 0.404159938363502 	 2.53030525729011 	 3.83334373362661E-16 	 2.4999252102244E-17 	 3.58335121260417E-16 
 555.7455 	 0.400423574459175 	 2.54119408783092 	 3.73343373160068E-16 	 2.46715642455769E-17 	 3.48671808914491E-16 
 556.6406 	 0.396681229980371 	 2.55210034747223 	 3.63584948578254E-16 	 2.43482645165599E-17 	 3.39236684061694E-16 
 557.5372 	 0.392932655736487 	 2.56302476242657 	 3.54055302906764E-16 	 2.40293532847016E-17 	 3.30025949622062E-16 
 558.4353 	 0.389178100918127 	 2.57396660648141 	 3.44750022524373E-16 	 2.3714816185523E-17 	 3.2103520633885E-16 
 559.3348 	 0.385417814715893 	 2.58492515342424 	 3.35664700017036E-16 	 2.34046351435657E-17 	 3.1226006487347E-16 
 560.2357 	 0.381651049557976 	 2.59590258189261 	 3.26794412394012E-16 	 2.30987788943964E-17 	 3.03695633499615E-16 
 561.1381 	 0.377878553016185 	 2.60689671324897 	 3.1813534077504E-16 	 2.27972328480968E-17 	 2.95338107926943E-16 
 562.042 	 0.374099826709315 	 2.61790899991836 	 3.09683135406458E-16 	 2.24999694181997E-17 	 2.87183165988258E-16 
 562.9473 	 0.370314870637364 	 2.62893944190077 	 3.0143298789275E-16 	 2.22069490716124E-17 	 2.79226038821137E-16 
 563.854 	 0.366523933990937 	 2.63998731298369 	 2.93381129849743E-16 	 2.19181486935157E-17 	 2.71462981156228E-16 
 564.7622 	 0.362727016770034 	 2.65105261316711 	 2.85522852742107E-16 	 2.16335243876876E-17 	 2.6388932835442E-16 
 565.6719 	 0.35892386978405 	 2.66213606866356 	 2.77853992876681E-16 	 2.13530396551E-17 	 2.56500953221581E-16 
 566.5831 	 0.355114742223589 	 2.67323695326052 	 2.70370873959638E-16 	 2.10766647879038E-17 	 2.49294209171734E-16 
 567.4957 	 0.351299135707446 	 2.68435671938302 	 2.63069393472378E-16 	 2.08043593069485E-17 	 2.4226503416543E-16 
 568.4098 	 0.347477797807429 	 2.69549318839351 	 2.55945083656989E-16 	 2.05360729166634E-17 	 2.35409010740325E-16 
 569.3253 	 0.343649980951729 	 2.70664853892955 	 2.48993984270962E-16 	 2.02717627781342E-17 	 2.28722221492827E-16 
 570.2424 	 0.339816183521552 	 2.71782131856609 	 2.42212191765516E-16 	 2.00113848642073E-17 	 2.22200806901309E-16 
 571.1609 	 0.335976156326295 	 2.72901225351565 	 2.3559624842115E-16 	 1.97549019740467E-17 	 2.15841346447103E-16 
 572.0808 	 0.332129899365958 	 2.74022134377825 	 2.29141584942097E-16 	 1.95022522207456E-17 	 2.09639332721351E-16 
 573.0023 	 0.328277412640542 	 2.75144858935387 	 2.22845243084638E-16 	 1.92534044249124E-17 	 2.03591838659725E-16 
 573.9253 	 0.324418945340648 	 2.76269326403 	 2.16703175862548E-16 	 1.90083032573772E-17 	 1.9769487260517E-16 
 574.8497 	 0.320553999085072 	 2.77395682023167 	 2.10711787150556E-16 	 1.87669006942242E-17 	 1.91944886456332E-16 
 575.7756 	 0.316683072255019 	 2.78523780553385 	 2.0486754516422E-16 	 1.85291482434982E-17 	 1.86338396920721E-16 
 576.7031 	 0.312805666469283 	 2.79653767236158 	 1.99166983002255E-16 	 1.82949970392275E-17 	 1.80871985963028E-16 
 577.632 	 0.30892228010907 	 2.80785496828981 	 1.93606699021094E-16 	 1.80643979289958E-17 	 1.75542301092099E-16 
 578.5624 	 0.305032414793174 	 2.81919114574359 	 1.8818335705546E-16 	 1.7837301555394E-17 	 1.70346055500066E-16 
 579.4943 	 0.301136319712198 	 2.83054547851039 	 1.8289368649794E-16 	 1.76136584316767E-17 	 1.65280028066263E-16 
 580.4277 	 0.297233994866142 	 2.84191796659023 	 1.77734184851612E-16 	 1.73934125275061E-17 	 1.60340772324106E-16 
 581.3626 	 0.293325440255006 	 2.85330860998309 	 1.72702314931344E-16 	 1.71765273994659E-17 	 1.55525787531878E-16 
 582.299 	 0.28967538627218 	 2.86465946177756 	 1.67940814559961E-16 	 1.69625165985906E-17 	 1.5097829796137E-16 
 583.237 	 0.287516472362815 	 2.87569691365811 	 1.64055803455448E-16 	 1.67497149160822E-17 	 1.47306088539366E-16 
 584.1764 	 0.285354128557179 	 2.88675190089054 	 1.60262962953564E-16 	 1.65404430171098E-17 	 1.43722519936454E-16 
 585.1174 	 0.28318835485527 	 2.89782442347483 	 1.56559490635768E-16 	 1.63346178591274E-17 	 1.4022487277664E-16 
 586.0598 	 0.281019014061239 	 2.90891518282506 	 1.5294309598209E-16 	 1.61321706811179E-17 	 1.36810925300972E-16 
 587.0038 	 0.278846106175085 	 2.92002417894124 	 1.49411747794675E-16 	 1.59330398952498E-17 	 1.33478707899425E-16 
 587.9493 	 0.276669768392659 	 2.93115071040929 	 1.45963263974581E-16 	 1.57371592518787E-17 	 1.30226104722702E-16 
 588.8964 	 0.274490000713962 	 2.94229477722921 	 1.42595335367961E-16 	 1.55444584653473E-17 	 1.27050876902613E-16 
 589.8449 	 0.272306528747291 	 2.95345778222914 	 1.39305912224957E-16 	 1.53548744757665E-17 	 1.23951037749191E-16 
 590.795 	 0.270119764080198 	 2.96463762116687 	 1.36093178439205E-16 	 1.51683508015939E-17 	 1.20924827637611E-16 
 591.7466 	 0.267929295125132 	 2.97583639828462 	 1.3295500787891E-16 	 1.49848216149126E-17 	 1.17970186263997E-16 
 592.6998 	 0.265735396273795 	 2.98705271075424 	 1.29889683221894E-16 	 1.48042328481772E-17 	 1.15085450373717E-16 
 593.6544 	 0.263537930330334 	 2.9982872599898 	 1.26895027390814E-16 	 1.4626516619395E-17 	 1.12268510771419E-16 
 594.6107 	 0.261337034490602 	 3.00953934457723 	 1.23969589328043E-16 	 1.44516262814216E-17 	 1.09517963046622E-16 
 595.5684 	 0.259132434362896 	 3.02081036734468 	 1.21111463911918E-16 	 1.42795015445908E-17 	 1.06831962367327E-16 
 596.5277 	 0.256924404338918 	 3.032098925464 	 1.18318962138156E-16 	 1.41100883156236E-17 	 1.04208873822532E-16 
 597.4886 	 0.254712670026966 	 3.04340642176334 	 1.1559044082659E-16 	 1.39433336785964E-17 	 1.01647107147993E-16 
 598.451 	 0.252497505818743 	 3.05473145341455 	 1.1292444667644E-16 	 1.37791902417748E-17 	 9.91452564346654E-17 
 599.4149 	 0.250278774518397 	 3.0660747218317 	 1.10319130049586E-16 	 1.36175985323581E-17 	 9.67015315172282E-17 
 600.3804 	 0.248056338930077 	 3.07743692842887 	 1.07773126648027E-16 	 1.34585134892503E-17 	 9.43146131587771E-17 
 601.3475 	 0.245830473445486 	 3.08881667037791 	 1.05284964018609E-16 	 1.33018866631384E-17 	 9.19830773554709E-17 
 602.3161 	 0.24360090367292 	 3.10021535050697 	 1.02853209416428E-16 	 1.31476706622385E-17 	 8.97055387541898E-17 
 603.2862 	 0.241367766808232 	 3.11163226740197 	 1.00476468679799E-16 	 1.29958191293079E-17 	 8.74806495504911E-17 
 604.258 	 0.239131062851422 	 3.12306742106292 	 9.81532598711849E-17 	 1.28462828870549E-17 	 8.530697698413E-17 
 605.2313 	 0.236890791802488 	 3.1345208114898 	 9.58825163184116E-17 	 1.26990253263512E-17 	 8.31834909920604E-17 
 606.2061 	 0.234646953661432 	 3.14599243868264 	 9.36627055208569E-17 	 1.25539954740959E-17 	 8.1108710046761E-17 
 607.1826 	 0.232399411232402 	 3.15748300405549 	 9.14925856728125E-17 	 1.24111511250517E-17 	 7.90814345477607E-17 
 608.1606 	 0.23014830171125 	 3.16899180619429 	 8.93710614877772E-17 	 1.22704545008101E-17 	 7.71006069869671E-17 
 609.1402 	 0.227893487902124 	 3.1805195465131 	 8.72969479384289E-17 	 1.21318649783252E-17 	 7.51650829601037E-17 
 610.1213 	 0.225635107000875 	 3.19206552359786 	 8.52690915561316E-17 	 1.19953428188437E-17 	 7.32737487372878E-17 
 611.1041 	 0.223373021811652 	 3.20363043886264 	 8.32861584123099E-17 	 1.1860842562876E-17 	 7.14253158494339E-17 
 612.0884 	 0.221107369530307 	 3.21521359089336 	 8.13473797662152E-17 	 1.17283362682978E-17 	 6.96190434979174E-17 
 613.0743 	 0.218838012960988 	 3.2268156811041 	 7.94513820639377E-17 	 1.15977770536043E-17 	 6.78536050103334E-17 
 614.0618 	 0.216564952103696 	 3.23843670949486 	 7.75973399198769E-17 	 1.14691350918057E-17 	 6.61282048280712E-17 
 615.0509 	 0.21428832415428 	 3.25007597465157 	 7.57842441784445E-17 	 1.13423747595031E-17 	 6.44418694189414E-17 
 616.0416 	 0.212007991916892 	 3.26173417798829 	 7.4010925157269E-17 	 1.12174552875118E-17 	 6.27934698697572E-17 
 617.0339 	 0.209803304906929 	 3.27319425477518 	 7.23183014278652E-17 	 1.10952752345748E-17 	 6.12230261932904E-17 
 618.0277 	 0.208172384296713 	 3.28309627266658 	 7.09349688064764E-17 	 1.09809019738781E-17 	 5.99540668325983E-17 
 619.0232 	 0.206538920721829 	 3.29301372998617 	 6.9577118200726E-17 	 1.08680135487299E-17 	 5.87091046519961E-17 
 620.0203 	 0.204902816375941 	 3.30294722055813 	 6.8244308511555E-17 	 1.07565883898443E-17 	 5.74877201217108E-17 
 621.019 	 0.203263973452716 	 3.3128973382066 	 6.69359047518565E-17 	 1.06465983419932E-17 	 5.62893064098633E-17 
 622.0193 	 0.201622587564822 	 3.32286289528327 	 6.56514892841259E-17 	 1.05380227759883E-17 	 5.51134665081376E-17 
 623.0212 	 0.199978560905925 	 3.33284448561229 	 6.43906496916853E-17 	 1.0430841320493E-17 	 5.39598083711923E-17 
 624.0247 	 0.198331893476025 	 3.34284210919368 	 6.31527910358468E-17 	 1.03250273840365E-17 	 5.28277636518103E-17 
 625.0298 	 0.196682487468788 	 3.35285635985158 	 6.19375227366248E-17 	 1.02205614776807E-17 	 5.17169612589442E-17 
 626.0366 	 0.195030538496882 	 3.36288604993768 	 6.07443989284663E-17 	 1.01174222758539E-17 	 5.06269766526124E-17 
 627.045 	 0.193375850947639 	 3.3729323671003 	 5.95729834121092E-17 	 1.00155888513543E-17 	 4.95573945607548E-17 
 628.055 	 0.191718522627393 	 3.38299471751528 	 5.84227916897584E-17 	 9.91503866596829E-18 	 4.85077530237901E-17 
 629.0666 	 0.190058455729811 	 3.39307369500678 	 5.72934662520693E-17 	 9.81575364071724E-18 	 4.74777126113521E-17 
 630.0799 	 0.188395845867559 	 3.40316811192647 	 5.61845984785827E-17 	 9.71771399216456E-18 	 4.64668844864182E-17 
 631.0948 	 0.186730497427971 	 3.41327915592268 	 5.50957341778514E-17 	 9.62089841248493E-18 	 4.54748357653665E-17 
 632.1113 	 0.185062410411046 	 3.42340682699541 	 5.40265386185801E-17 	 9.52528980463563E-18 	 4.45012488139445E-17 
 633.1295 	 0.183391682623118 	 3.4335505313205 	 5.29766288672835E-17 	 9.43086945941244E-18 	 4.3545759407871E-17 
 634.1493 	 0.181718314064187 	 3.44371026889795 	 5.19455789828998E-17 	 9.33761722476398E-18 	 4.26079617581359E-17 
 635.1707 	 0.18004220692792 	 3.45388663355192 	 5.09330754350523E-17 	 9.24551692594732E-18 	 4.1687558509105E-17 
 636.1938 	 0.178363361214316 	 3.4640796252824 	 4.99386608295254E-17 	 9.15454742043823E-18 	 4.07841134090871E-17 
 637.2185 	 0.176681874729709 	 3.47428865026525 	 4.89621342923269E-17 	 9.06469659080788E-18 	 3.98974377015191E-17 
 638.2449 	 0.174997649667765 	 3.48451430232461 	 4.80030070995602E-17 	 8.97594230502751E-18 	 3.90270647945327E-17 
 639.273 	 0.173310686028485 	 3.4947565814605 	 4.70610408319684E-17 	 8.8882712499894E-18 	 3.8172769581979E-17 
 640.3027 	 0.171621081618202 	 3.50501489384874 	 4.61358603494252E-17 	 8.80166537652316E-18 	 3.73341949729021E-17 
 641.334 	 0.169928738630582 	 3.5152898333135 	 4.52271455783031E-17 	 8.7161086188961E-18 	 3.6511036959407E-17 
 642.367 	 0.168233559259293 	 3.52558199367894 	 4.43345831265986E-17 	 8.63158519948984E-18 	 3.57029979271087E-17 
 643.4017 	 0.166535739117001 	 3.53589018729673 	 4.34579089648392E-17 	 8.5480811341106E-18 	 3.49098278307286E-17 
 644.4381 	 0.164835180397371 	 3.54621500799105 	 4.25967361104985E-17 	 8.46557815406763E-18 	 3.41311579564309E-17 
 645.4761 	 0.163131883100406 	 3.55655645576189 	 4.17508551843842E-17 	 8.38406430733155E-18 	 3.33667908770526E-17 
 646.5158 	 0.161425847226104 	 3.56691453060925 	 4.09198948723449E-17 	 8.30352197238581E-18 	 3.26163728999591E-17 
 647.5571 	 0.159717072774465 	 3.57728923253312 	 4.01036149781329E-17 	 8.22393821069107E-18 	 3.18796767674418E-17 
 648.6002 	 0.15800555974549 	 3.58768056153352 	 3.93017779593416E-17 	 8.14530023342642E-18 	 3.11564777259152E-17 
 649.6449 	 0.156291210332846 	 3.59808911143459 	 3.85139966444653E-17 	 8.067589988792E-18 	 3.04464066556733E-17 
 650.6913 	 0.154574122342864 	 3.60851428841219 	 3.77401224053084E-17 	 7.99079793913722E-18 	 2.97493244661712E-17 
 651.7394 	 0.152854295775546 	 3.6189560924663 	 3.69798567315531E-17 	 7.91490927394131E-18 	 2.90649474576118E-17 
 652.7892 	 0.151131730630892 	 3.62941452359693 	 3.62329093434818E-17 	 7.83990951506919E-18 	 2.83929998284126E-17 
 653.8407 	 0.149406329102567 	 3.63989017562825 	 3.54990331487483E-17 	 7.76578576526834E-18 	 2.77332473834799E-17 
 654.8938 	 0.147678188996907 	 3.65038245473608 	 3.47780551442356E-17 	 7.69252782098277E-18 	 2.70855273232528E-17 
 655.9487 	 0.145947212507576 	 3.6608919547446 	 3.40696663720949E-17 	 7.62012066763945E-18 	 2.64495457044555E-17 
 657.0052 	 0.144213497440909 	 3.67141808182963 	 3.33736344813857E-17 	 7.54855206716718E-18 	 2.58250824142185E-17 
 658.0635 	 0.142477043796905 	 3.68196083599118 	 3.26897643884838E-17 	 7.47781116162686E-18 	 2.52119532268569E-17 
 659.1235 	 0.140737655962898 	 3.69252140487758 	 3.20177991378609E-17 	 7.40788491759541E-18 	 2.46099142202655E-17 
 660.1851 	 0.139863881724583 	 3.70252645178899 	 3.15231280297717E-17 	 7.33967385369215E-18 	 2.41834541760796E-17 
 661.2485 	 0.139627429858283 	 3.71212639565815 	 3.11515718524951E-17 	 7.27285967768733E-18 	 2.38787121748078E-17 
 662.3136 	 0.139390593625159 	 3.72174194481722 	 3.07850453311037E-17 	 7.20678360287986E-18 	 2.35782617282239E-17 
 663.3804 	 0.139153359771185 	 3.73137363737967 	 3.04234247777704E-17 	 7.14143253396916E-18 	 2.32819922438012E-17 
 664.4489 	 0.138915754804415 	 3.74102039711859 	 3.00666493437399E-17 	 7.07679763618668E-18 	 2.29898517075532E-17 
 665.5192 	 0.138677778724851 	 3.75068222403399 	 2.97146585812675E-17 	 7.01287016875625E-18 	 2.27017884125113E-17 
 666.5912 	 0.138439405024436 	 3.76036019435275 	 2.9367364093036E-17 	 6.94963960832837E-18 	 2.24177244847076E-17 
 667.6649 	 0.138200646957197 	 3.77005376996144 	 2.90246797021216E-17 	 6.88709565443723E-18 	 2.21375840476844E-17 
 668.7403 	 0.137961504523136 	 3.77976295086005 	 2.86865626010526E-17 	 6.82523094255892E-18 	 2.18613316584937E-17 
 669.8175 	 0.13772199097628 	 3.78948719893513 	 2.8352928911359E-17 	 6.76403546025031E-18 	 2.15888934511086E-17 
 670.8964 	 0.137482079808572 	 3.79922759041358 	 2.80236968505625E-17 	 6.70349940539525E-18 	 2.13201974451672E-17 
 671.977 	 0.137241784274042 	 3.80898358718195 	 2.76988259733602E-17 	 6.64361576264195E-18 	 2.10552102107182E-17 
 673.0594 	 0.13700109111866 	 3.8187557273537 	 2.7378223762885E-17 	 6.58437415551808E-18 	 2.07938496073669E-17 
 674.1435 	 0.136760026850483 	 3.82854293470191 	 2.70618385713744E-17 	 6.52576695869798E-18 	 2.05360716126764E-17 
 675.2294 	 0.136518564961455 	 3.8383462854535 	 2.67496065703843E-17 	 6.46778580793007E-18 	 2.02818207624542E-17 
 676.317 	 0.136276718705604 	 3.848165241495 	 2.64414527363927E-17 	 6.41042166940531E-18 	 2.00310310669874E-17 
 677.4063 	 0.136034474828901 	 3.85800034093988 	 2.61373281172001E-17 	 6.35366727551777E-18 	 1.97836608416823E-17 
 678.4975 	 0.135791846585376 	 3.86785104567467 	 2.58371602072776E-17 	 6.29751387938252E-18 	 1.95396463278951E-17 
 679.5903 	 0.135548833975028 	 3.87771735569939 	 2.55409017590191E-17 	 6.24195444052096E-18 	 1.92989473184981E-17 
 680.685 	 0.135305423743828 	 3.88759980912748 	 2.52484942457926E-17 	 6.18698123910913E-18 	 1.90615130066835E-17 
 681.7814 	 0.135061615891776 	 3.89749840595893 	 2.49598687658898E-17 	 6.13258593921056E-18 	 1.88272828266792E-17 
 682.8796 	 0.134817423672902 	 3.9074126080803 	 2.46749693051708E-17 	 6.0787610999729E-18 	 1.85962082051979E-17 
 683.9795 	 0.134572833833176 	 3.91734295360504 	 2.43937407958388E-17 	 6.02549939670545E-18 	 1.83682413991333E-17 
 685.0812 	 0.134327859626628 	 3.92728890441971 	 2.41161399590161E-17 	 5.97279432035789E-18 	 1.81433456386582E-17 
 686.1847 	 0.134082474545199 	 3.93725153675118 	 2.38421023717189E-17 	 5.92063804712022E-18 	 1.79214643245987E-17 
 687.2899 	 0.133836705096948 	 3.94722977437258 	 2.35715757064794E-17 	 5.86902358879297E-18 	 1.77025521176865E-17 
 688.397 	 0.133590538027845 	 3.95722415539735 	 2.33045188810994E-17 	 5.81794473209381E-18 	 1.74865741490056E-17 
 689.5058 	 0.13334397333789 	 3.96723467982548 	 2.30408604064995E-17 	 5.76739335739653E-18 	 1.7273467049103E-17 
 690.6164 	 0.133097011027085 	 3.97726134765698 	 2.27805711192825E-17 	 5.71736411765687E-18 	 1.70632070016257E-17 
 691.7288 	 0.132849651095427 	 3.98730415889185 	 2.25235818337109E-17 	 5.66784914376209E-18 	 1.68557326899488E-17 
 692.843 	 0.132601893542919 	 3.99736311353008 	 2.2269864402393E-17 	 5.61884324739175E-18 	 1.66510211550013E-17 
 693.959 	 0.132353738369559 	 4.00743821157169 	 2.20193518595137E-17 	 5.57033880099066E-18 	 1.6449013058523E-17 
 695.0768 	 0.132105185575348 	 4.01752945301666 	 2.17720075748768E-17 	 5.52233016596703E-18 	 1.62496774089098E-17 
 696.1964 	 0.131856221906256 	 4.02763737597844 	 2.15277857827391E-17 	 5.47481116436888E-18 	 1.60529746183702E-17 
 697.3177 	 0.131606873870342 	 4.03776090423015 	 2.12866414699023E-17 	 5.42777571151509E-18 	 1.58588657583872E-17 
 698.4409 	 0.13135710170552 	 4.04790165211211 	 2.10485213250951E-17 	 5.38121724034766E-18 	 1.56673040847475E-17 
 699.5659 	 0.131106945173875 	 4.05805800528399 	 2.08133911071284E-17 	 5.33513044064281E-18 	 1.54782606664856E-17 
 700.6928 	 0.13085637776735 	 4.06823103997269 	 2.05812079708347E-17 	 5.28950949720363E-18 	 1.52916984736311E-17 
 701.8214 	 0.130605412739973 	 4.07842021806476 	 2.03519211341732E-17 	 5.24434813549942E-18 	 1.51075729986738E-17 
 702.9518 	 0.130354036837717 	 4.08862607767364 	 2.01254895240913E-17 	 5.19964073932067E-18 	 1.49258487847706E-17 
 704.0841 	 0.130102263314609 	 4.09884808068588 	 1.99018811063832E-17 	 5.15538230377588E-18 	 1.47464988026074E-17 
 705.2182 	 0.130130773577628 	 4.10874132580177 	 1.97173526288233E-17 	 5.11187890740282E-18 	 1.46054737214205E-17 
 706.3541 	 0.130351123123916 	 4.11841465804548 	 1.95583372921262E-17 	 5.06900406085855E-18 	 1.44893332312676E-17 
 707.4919 	 0.1305718195317 	 4.12810321748866 	 1.94008954661494E-17 	 5.02654637805824E-18 	 1.43743490880912E-17 
 708.6314 	 0.13079287436303 	 4.1378075117046 	 1.92450085725143E-17 	 4.98450101138895E-18 	 1.42605075611253E-17 
 709.7729 	 0.131014287617906 	 4.14752754069333 	 1.90906631548953E-17 	 4.94286364303546E-18 	 1.41477995118599E-17 
 710.9161 	 0.131236047734277 	 4.15726279688151 	 1.89378361599735E-17 	 4.90162908185992E-18 	 1.40362070781136E-17 
 712.0612 	 0.131458177836244 	 4.16701429541578 	 1.87865097731271E-17 	 4.86079267930164E-18 	 1.39257170938254E-17 
 713.2082 	 0.131680654799707 	 4.17678102114952 	 1.8636666425317E-17 	 4.82034985088389E-18 	 1.38163165744331E-17 
 714.3569 	 0.131903501748766 	 4.18656398922934 	 1.84882841643487E-17 	 4.78029564111957E-18 	 1.37079885232292E-17 
 715.5076 	 0.13212669555932 	 4.19636218450863 	 1.83413552080618E-17 	 4.74062646554305E-18 	 1.36007287425187E-17 
 716.6601 	 0.13235025935547 	 4.20617662213401 	 1.81958580175504E-17 	 4.70133748481619E-18 	 1.34945205327342E-17 
 717.8144 	 0.132574181575166 	 4.21600679453216 	 1.80517759676394E-17 	 4.66242436064516E-18 	 1.33893516069943E-17 
 718.9706 	 0.132798462218408 	 4.22585270170308 	 1.79090882612461E-17 	 4.62388240632904E-18 	 1.3285205854917E-17 
 720.1287 	 0.133023101285195 	 4.23571434364679 	 1.77677832307801E-17 	 4.5857078210596E-18 	 1.31820754097205E-17 
 721.2886 	 0.133248098775528 	 4.24559172036327 	 1.76278449181845E-17 	 4.5478964407097E-18 	 1.30799484774748E-17 
 722.4504 	 0.133473466251457 	 4.25548533942583 	 1.74892575816E-17 	 4.51044415748198E-18 	 1.2978813424118E-17 
 723.6141 	 0.133699192150931 	 4.26539469326118 	 1.73520015072538E-17 	 4.47334653632717E-18 	 1.28786549709266E-17 
 724.7797 	 0.133925288036001 	 4.27532028944261 	 1.72160656635531E-17 	 4.43659997403052E-18 	 1.27794656895226E-17 
 725.9471 	 0.134151742344617 	 4.28526162039682 	 1.70814308528221E-17 	 4.40020015530315E-18 	 1.2681230697519E-17 
 727.1164 	 0.134378566638828 	 4.29521919369713 	 1.69480863452101E-17 	 4.36414357100825E-18 	 1.25839427742018E-17 
 728.2876 	 0.134605749356586 	 4.3051925017702 	 1.68160134436413E-17 	 4.32842602187325E-18 	 1.24875874217681E-17 
 729.4607 	 0.134833302059938 	 4.31518205218937 	 1.66851977768429E-17 	 4.29304373602265E-18 	 1.23921540408202E-17 
 730.6356 	 0.135061224748887 	 4.32518784495463 	 1.65556290487288E-17 	 4.25799333990751E-18 	 1.22976357088213E-17 
 731.8125 	 0.135289505861381 	 4.33520937249266 	 1.64272892842317E-17 	 4.2232708014121E-18 	 1.22040184828196E-17 
 732.9912 	 0.135518156959471 	 4.34524714237679 	 1.63001646747247E-17 	 4.18887249624671E-18 	 1.2111292178478E-17 
 734.1719 	 0.135747189605206 	 4.35530166218032 	 1.61742415927968E-17 	 4.15479484771772E-18 	 1.20194467450791E-17 
 735.3545 	 0.135976580674487 	 4.36537191675663 	 1.60495102887116E-17 	 4.12103465346277E-18 	 1.19284756352489E-17 
 736.5389 	 0.136206341729363 	 4.37545841367902 	 1.59259500459343E-17 	 4.08758776984185E-18 	 1.18383622760924E-17 
 737.7253 	 0.136436461207786 	 4.3855606453742 	 1.58035515092374E-17 	 4.05445109120317E-18 	 1.17491004180342E-17 
 738.9136 	 0.136666962233854 	 4.39567962698878 	 1.56823053151962E-17 	 4.02162153667681E-18 	 1.16606837785194E-17 
 740.1038 	 0.136897844807567 	 4.40581535852276 	 1.55621915269648E-17 	 3.98909512684192E-18 	 1.15730964001229E-17 
 741.2959 	 0.137129085804826 	 4.41596682482952 	 1.54432011583182E-17 	 3.95686887317314E-18 	 1.1486332285145E-17 
 742.4899 	 0.137360696787681 	 4.42613453348237 	 1.53253217761759E-17 	 3.9249395124117E-18 	 1.14003822637642E-17 
 743.6859 	 0.137592689318181 	 4.43631899205463 	 1.52085377112169E-17 	 3.89330352948291E-18 	 1.1315234181734E-17 
 744.8837 	 0.137825051834277 	 4.44651969297298 	 1.50928436835987E-17 	 3.86195833701632E-18 	 1.12308853465823E-17 
 746.0835 	 0.138057795898018 	 4.45673714381073 	 1.49782209810057E-17 	 3.83090021266894E-18 	 1.11473207683368E-17 
 747.2853 	 0.138290909947355 	 4.46697083699458 	 1.48646579178947E-17 	 3.80012607084555E-18 	 1.10645318470491E-17 
 748.489 	 0.138524393982287 	 4.47722077252451 	 1.47521461932041E-17 	 3.76963314156992E-18 	 1.09825130516342E-17 
 749.6946 	 0.138758259564865 	 4.48748745797386 	 1.46406742990553E-17 	 3.739418404479E-18 	 1.09012558945763E-17 
 750.9021 	 0.138992495133039 	 4.49777038576929 	 1.45302245556406E-17 	 3.7094783415107E-18 	 1.08207462141299E-17 
 752.1116 	 0.139227112248858 	 4.50807006348413 	 1.44207953381289E-17 	 3.67981082509778E-18 	 1.07409845130312E-17 
 753.3231 	 0.139462110912322 	 4.51838649111837 	 1.43123662048642E-17 	 3.65041215611899E-18 	 1.06619540487452E-17 
 754.5365 	 0.139697491123432 	 4.52871966867203 	 1.42049325370546E-17 	 3.6212800002554E-18 	 1.05836525367992E-17 
 755.7519 	 0.139933241320138 	 4.53906908857177 	 1.40984805242519E-17 	 3.59241127106008E-18 	 1.05060692531918E-17 
 756.9692 	 0.140268273658927 	 4.54925660967156 	 1.40018055242914E-17 	 3.56388688075024E-18 	 1.04379186435412E-17 
 758.1884 	 0.140642892661882 	 4.55939006267497 	 1.39092009643871E-17 	 3.53564899781271E-18 	 1.03735519665744E-17 
 759.4097 	 0.141018116007186 	 4.5695398631534 	 1.38173451767172E-17 	 3.5076628529906E-18 	 1.03096823237266E-17 
 760.6329 	 0.141393943694839 	 4.57970601110686 	 1.3726233340384E-17 	 3.47992607725201E-18 	 1.0246307263132E-17 
 761.8581 	 0.141770375724842 	 4.58988850653535 	 1.36358606146342E-17 	 3.45243631919729E-18 	 1.01834242954369E-17 
 763.0852 	 0.142147412097194 	 4.60008734943886 	 1.35462153566993E-17 	 3.4251905693032E-18 	 1.01210247873961E-17 
 764.3143 	 0.1425250711253 	 4.61030303519542 	 1.34572929099511E-17 	 3.39818654180827E-18 	 1.00591063681428E-17 
 765.5454 	 0.142903316182351 	 4.62053457304898 	 1.33690863851375E-17 	 3.37142174926203E-18 	 9.99766463587549E-18 
 766.7785 	 0.143282183895155 	 4.6307829537556 	 1.32815867805834E-17 	 3.34489351880738E-18 	 9.93669326177607E-18 
 768.0136 	 0.143661655950309 	 4.64104768193724 	 1.31947895964432E-17 	 3.31859964439624E-18 	 9.87618995204692E-18 
 769.2507 	 0.144041750661217 	 4.65132925297193 	 1.31086881708391E-17 	 3.2925377272193E-18 	 9.81615044361982E-18 
 770.4897 	 0.144422449714474 	 4.66162717148166 	 1.30232737958735E-17 	 3.26670519123307E-18 	 9.7565686046404E-18 
 771.7308 	 0.14480375311008 	 4.6719414374664 	 1.29385421222147E-17 	 3.24109990687393E-18 	 9.69744221534077E-18 
 772.9738 	 0.14518567916144 	 4.68227254630421 	 1.28544867066492E-17 	 3.21571956033041E-18 	 9.63876714631874E-18 
 774.2189 	 0.145568227868554 	 4.69262049799506 	 1.27710991240674E-17 	 3.190561668352E-18 	 9.5805374557154E-18 
 775.466 	 0.145951380918017 	 4.70298479716095 	 1.2688373138294E-17 	 3.16562398063953E-18 	 9.5227491576545E-18 
 776.715 	 0.146335156623234 	 4.71336593917989 	 1.26063025810874E-17 	 3.1409042734652E-18 	 9.46539830762222E-18 
 777.9661 	 0.146719536670801 	 4.72376342867385 	 1.25248833398138E-17 	 3.11640053778747E-18 	 9.40848280202634E-18 
 779.2192 	 0.147104557687525 	 4.73417825639891 	 1.24441073488999E-17 	 3.09211040793079E-18 	 9.35199694096906E-18 
 780.4743 	 0.147490183046599 	 4.74460943159898 	 1.2363968639528E-17 	 3.06803173785745E-18 	 9.29593690167052E-18 
 781.7315 	 0.147876449374832 	 4.75505794503015 	 1.22844613074376E-17 	 3.0441624066817E-18 	 9.24029890075594E-18 
 782.9906 	 0.148263320045414 	 4.76552280593634 	 1.2205579512115E-17 	 3.02050031832926E-18 	 9.1850791937857E-18 
 784.2518 	 0.148650813371749 	 4.77600450969558 	 1.21273174759939E-17 	 2.9970434012022E-18 	 9.13027407479171E-18 
 785.515 	 0.149038929353839 	 4.78650305630789 	 1.20496694836687E-17 	 2.97378960784862E-18 	 9.0758798758201E-18 
 786.7803 	 0.149427686305086 	 4.79701894115127 	 1.19726298811177E-17 	 2.9507369146375E-18 	 9.02189296648019E-18 
 788.0476 	 0.149817047598683 	 4.80755117346969 	 1.18961912481545E-17 	 2.92788315391993E-18 	 8.96830809423455E-18 
 789.3169 	 0.150207049861439 	 4.81810074401919 	 1.1820351723997E-17 	 2.90522668622985E-18 	 8.91512503776711E-18 
 790.5883 	 0.150597693093353 	 4.82866765279978 	 1.17451021994108E-17 	 2.88276522482585E-18 	 8.862336974585E-18 
 791.8617 	 0.150988940667616 	 4.83925090905539 	 1.16704373146286E-17 	 2.86049684530756E-18 	 8.80994046932104E-18 
 793.1372 	 0.151380829211037 	 4.84985150354209 	 1.15963552689389E-17 	 2.83841996127975E-18 	 8.75793530765913E-18 
 794.4147 	 0.151773358723617 	 4.86046943625988 	 1.15228472386751E-17 	 2.81653236701827E-18 	 8.70631487165679E-18 
 795.6943 	 0.152166510891951 	 4.87110421183072 	 1.14499080324273E-17 	 2.79483220361569E-18 	 8.65507582881158E-18 
 796.976 	 0.152560285716038 	 4.88175583025462 	 1.13775342100969E-17 	 2.77331778455013E-18 	 8.60421642554679E-18 
 798.2597 	 0.152954701509284 	 4.89242478690961 	 1.13057189558957E-17 	 2.75198713742798E-18 	 8.55373181846772E-18 
 799.5455 	 0.153349758271688 	 4.90311108179569 	 1.12344572400668E-17 	 2.73083846617129E-18 	 8.50361877389551E-18 
 800.8333 	 0.153745456003251 	 4.91381471491285 	 1.11637457296748E-17 	 2.70987013979244E-18 	 8.45387558988234E-18 
 802.1233 	 0.154141776390567 	 4.92453519088307 	 1.10935778204293E-17 	 2.68908025376202E-18 	 8.40449756666727E-18 
 803.4153 	 0.154538737747042 	 4.93527300508437 	 1.10239486384265E-17 	 2.66846707239277E-18 	 8.35548156603374E-18 
 804.7094 	 0.15493635838608 	 4.94602865289479 	 1.09548533602748E-17 	 2.64802887957252E-18 	 8.30682448070233E-18 
 806.0055 	 0.155334601680871 	 4.95680114355827 	 1.08862872124916E-17 	 2.62776397851065E-18 	 8.25852323398091E-18 
 807.3038 	 0.155733485944821 	 4.96759097245284 	 1.08182454709064E-17 	 2.60767069148707E-18 	 8.21057477941934E-18 
 808.6041 	 0.156133011177929 	 4.97839813957849 	 1.07507234600747E-17 	 2.58774735960615E-18 	 8.16297610046858E-18 
 809.9066 	 0.1565331956936 	 4.98922314031326 	 1.06837165526973E-17 	 2.56799234255309E-18 	 8.11572421014417E-18 
 811.2111 	 0.156934002865025 	 5.00006498390109 	 1.06172201690488E-17 	 2.5484040183547E-18 	 8.0688161506941E-18 
 812.5178 	 0.157335469319013 	 5.01092466109804 	 1.05512282793135E-17 	 2.52898065613553E-18 	 8.02224762317802E-18 
 813.8265 	 0.157737576742159 	 5.02180167652607 	 1.0485737925271E-17 	 2.50972080055349E-18 	 7.97601712471748E-18 
 815.1374 	 0.158140343447868 	 5.03269652556322 	 1.04207446660483E-17 	 2.49062288317447E-18 	 7.93012178287387E-18 
 816.4503 	 0.158543751122736 	 5.04360871283146 	 1.03562426549425E-17 	 2.47168523136187E-18 	 7.88455742358067E-18 
 817.7654 	 0.158947799766762 	 5.05453823833079 	 1.02922290224148E-17 	 2.45290643640193E-18 	 7.83932258601285E-18 
 819.0826 	 0.15935250769335 	 5.06548559743923 	 1.02286980401707E-17 	 2.4342848632096E-18 	 7.79441317696106E-18 
 820.402 	 0.159757874902502 	 5.07645079015679 	 1.01656468958679E-17 	 2.41581913317133E-18 	 7.74982776269657E-18 
 821.7234 	 0.160075235827663 	 5.0873640656191 	 1.00990258882891E-17 	 2.39752623902305E-18 	 7.70149964926607E-18 
 823.047 	 0.160261934475997 	 5.09819257998917 	 1.00272857872405E-17 	 2.37941142408371E-18 	 7.6478743631568E-18 
 824.3727 	 0.160448935797091 	 5.10903864936767 	 9.95615217216466E-18 	 2.36144686972067E-18 	 7.594705302444E-18 
 825.7005 	 0.160636231383371 	 5.11990178611549 	 9.88561739822136E-18 	 2.34363105778411E-18 	 7.54198634043725E-18 
 827.0305 	 0.160823838049988 	 5.13078296551087 	 9.81567396347924E-18 	 2.32596249144472E-18 	 7.48971147203453E-18 
 828.3627 	 0.161011738981791 	 5.14168121227555 	 9.74631969691642E-18 	 2.3084400099592E-18 	 7.43787968695723E-18 
 829.6969 	 0.161199942586354 	 5.15259701404868 	 9.67754720012752E-18 	 2.29106214458501E-18 	 7.38648505554251E-18 
 831.0333 	 0.161388457271256 	 5.16353085846936 	 9.60935090472175E-18 	 2.27382754920185E-18 	 7.3355233555199E-18 
 832.3719 	 0.161577266221343 	 5.17448177025935 	 9.5417253020878E-18 	 2.25673489204718E-18 	 7.28499041004062E-18 
 833.7126 	 0.161766386251767 	 5.18545072469691 	 9.47466328779991E-18 	 2.23978275627258E-18 	 7.23488053152733E-18 
 835.0555 	 0.161955808954954 	 5.1964372341429 	 9.40816279875667E-18 	 2.2229700382423E-18 	 7.18519276051437E-18 
 836.4006 	 0.162145534330901 	 5.20744129859732 	 9.34221520956477E-18 	 2.20629525104384E-18 	 7.13591995852093E-18 
 837.7478 	 0.162335570787187 	 5.21846340569931 	 9.27681529735086E-18 	 2.18975712268444E-18 	 7.08705817466642E-18 
 839.0972 	 0.162525909916234 	 5.22950306780973 	 9.21195947719213E-18 	 2.1733544883716E-18 	 7.03860498882052E-18 
 840.4488 	 0.162716551718042 	 5.24056028492858 	 9.14764258326349E-18 	 2.15708609878527E-18 	 6.99055648447821E-18 
 841.8025 	 0.162907504600189 	 5.25163554469499 	 9.08385950474529E-18 	 2.14095071779119E-18 	 6.9429087869541E-18 
 843.1584 	 0.163098768562673 	 5.26272884710897 	 9.02060212287976E-18 	 2.12494694242969E-18 	 6.89565518045007E-18 
 844.5165 	 0.16329033519792 	 5.27383970453138 	 8.95786856460628E-18 	 2.10907374734607E-18 	 6.84879481726021E-18 
 845.8768 	 0.163482212913504 	 5.28496860460134 	 8.89565387905961E-18 	 2.09332993490854E-18 	 6.80232394415107E-18 
 847.2393 	 0.163674401709426 	 5.29611554731887 	 8.83395020546835E-18 	 2.07771414763341E-18 	 6.75623605783494E-18 
 848.604 	 0.16386689317811 	 5.30728004504483 	 8.77275572472476E-18 	 2.06222539009899E-18 	 6.71053033462576E-18 
 849.9708 	 0.164059695727132 	 5.31846258541835 	 8.71206419153693E-18 	 2.04686241799488E-18 	 6.66520177354205E-18 
 851.3399 	 0.164252817764068 	 5.32966365607856 	 8.65187090778163E-18 	 2.03162408645755E-18 	 6.62024682132408E-18 
 852.7112 	 0.164446242473767 	 5.34088228174719 	 8.59217122428902E-18 	 2.01650926249875E-18 	 6.57566196179027E-18 
 854.0847 	 0.164639978263803 	 5.35211895006339 	 8.53296054028011E-18 	 2.00151682486586E-18 	 6.53144371541426E-18 
 855.4604 	 0.164834033541754 	 5.36337414866627 	 8.47423291637235E-18 	 1.9866455846551E-18 	 6.48758733171726E-18 
 856.8383 	 0.165028399900043 	 5.37464738991671 	 8.41598663493521E-18 	 1.9718946032695E-18 	 6.4440920316657E-18 
 858.2185 	 0.165223068931094 	 5.38593818617558 	 8.35821447897632E-18 	 1.95726263641424E-18 	 6.40095184256208E-18 
 859.6008 	 0.165418065857636 	 5.39724800036026 	 8.30091342170481E-18 	 1.94274868761503E-18 	 6.35816473408978E-18 
 860.9854 	 0.16561336545694 	 5.40857536955338 	 8.24407909558109E-18 	 1.92835169221305E-18 	 6.31572740336804E-18 
 862.3722 	 0.165808984544158 	 5.41992126903318 	 8.18770586580664E-18 	 1.9140705225862E-18 	 6.27363534322044E-18 
 863.7613 	 0.166004914711714 	 5.43128521116053 	 8.13179079566633E-18 	 1.89990421176138E-18 	 6.23188658390495E-18 
 865.1526 	 0.166201164367186 	 5.44266768357457 	 8.07632836707212E-18 	 1.88585165559209E-18 	 6.19047671148002E-18 
 866.5461 	 0.166397733510572 	 5.45406868627529 	 8.02131570152894E-18 	 1.87191190620586E-18 	 6.14940379532307E-18 
 867.9419 	 0.166594613734296 	 5.46548773162357 	 7.96674739502228E-18 	 1.85808388237915E-18 	 6.10866351264313E-18 
 869.3399 	 0.166791813445935 	 5.47692530725853 	 7.91261938337681E-18 	 1.84436658598938E-18 	 6.06825279738744E-18 
 870.7402 	 0.166989332645489 	 5.48838141318017 	 7.85892887278865E-18 	 1.83075909699561E-18 	 6.02816977579304E-18 
 872.1427 	 0.167187162925381 	 5.49985556174938 	 7.80566940951069E-18 	 1.81726030050058E-18 	 5.98840910901011E-18 
 873.5475 	 0.167385321100765 	 5.51134872824438 	 7.75283949695966E-18 	 1.80386936339768E-18 	 5.94897013356198E-18 
 874.9545 	 0.167583790356487 	 5.52285993738695 	 7.70043400450801E-18 	 1.79058525938632E-18 	 5.90984874512169E-18 
 876.3639 	 0.1677825875077 	 5.53439016445532 	 7.64844789334762E-18 	 1.77740697549417E-18 	 5.87104091785345E-18 
 877.7754 	 0.167981695739251 	 5.54593843417125 	 7.5968797066116E-18 	 1.76433370207148E-18 	 5.83254600454012E-18 
 879.1893 	 0.168181131866294 	 5.55750572181299 	 7.54572447017524E-18 	 1.75136444422836E-18 	 5.79436002594688E-18 
 880.6055 	 0.168380887481252 	 5.56909153974141 	 7.49497729865159E-18 	 1.73849821992075E-18 	 5.75647907873084E-18 
 882.0239 	 0.168580962584125 	 5.58069588795651 	 7.44463564696478E-18 	 1.72573418138059E-18 	 5.71890146558419E-18 
 883.4446 	 0.168781365582489 	 5.59231925409741 	 7.39469584332308E-18 	 1.71307142654682E-18 	 5.68162441677626E-18 
 884.8676 	 0.168982079661191 	 5.60396066288588 	 7.34515315026885E-18 	 1.70050900320255E-18 	 5.64464414706631E-18 
 886.2929 	 0.169183130042962 	 5.61562157723927 	 7.29600509569153E-18 	 1.68804608801066E-18 	 5.60795900768087E-18 
 887.7204 	 0.169384499912647 	 5.62730102187934 	 7.24724703790751E-18 	 1.67568174805795E-18 	 5.57156528984956E-18 
 889.1503 	 0.169586189270247 	 5.6389989968061 	 7.1988765520245E-18 	 1.6634151758404E-18 	 5.5354613761841E-18 
 890.5825 	 0.169788206523339 	 5.65071598965866 	 7.1508890900331E-18 	 1.65124545730711E-18 	 5.49964363272599E-18 
 892.017 	 0.169990551671922 	 5.66245200043703 	 7.10328122873692E-18 	 1.63917174521838E-18 	 5.46410948351853E-18 
 893.4538 	 0.170744120771746 	 5.67322429924679 	 7.07645111617589E-18 	 1.62729839377543E-18 	 5.44915272240046E-18 
 894.8929 	 0.171525929781763 	 5.68396635252339 	 7.05043188924164E-18 	 1.61552036316586E-18 	 5.43491152607578E-18 
 896.3343 	 0.172308969222195 	 5.69472531190992 	 7.02450331796426E-18 	 1.60383315118515E-18 	 5.42067016677911E-18 
 897.7781 	 0.17309327147279 	 5.70550162230403 	 6.99866532403569E-18 	 1.59223599656242E-18 	 5.40642932747327E-18 
 899.2242 	 0.173878836533548 	 5.71629528370571 	 6.9729178252811E-18 	 1.58072814505491E-18 	 5.39218968022619E-18 
 900.6726 	 0.174665696784218 	 5.72710674101259 	 6.94726073572237E-18 	 1.5693088493763E-18 	 5.37795188634608E-18 
 902.1233 	 0.175453787465303 	 5.73793510442941 	 6.92169380321402E-18 	 1.55797732293379E-18 	 5.36371648028024E-18 
 903.5764 	 0.176243173336298 	 5.74878126375143 	 6.89621725920886E-18 	 1.54673292513076E-18 	 5.3494843340781E-18 
 905.0318 	 0.177033822017457 	 5.75964477408102 	 6.87083068187382E-18 	 1.53557483733175E-18 	 5.33525584454207E-18 
 906.4896 	 0.17782573350878 	 5.77052563541818 	 6.845534133124E-18 	 1.52450238554681E-18 	 5.32103174757719E-18 
 907.9497 	 0.178618940190013 	 5.78142429266054 	 6.82032734661897E-18 	 1.51351481237542E-18 	 5.30681253424355E-18 
 909.4122 	 0.179413409681409 	 5.79234030091047 	 6.79521053964567E-18 	 1.5026114990226E-18 	 5.29259904062307E-18 
 910.877 	 0.180209141982969 	 5.80327366016797 	 6.77018311464826E-18 	 1.49179161514109E-18 	 5.27839149950717E-18 
 912.3442 	 0.181006201854187 	 5.8142252602283 	 6.74524528224918E-18 	 1.4810545542118E-18 	 5.26419072803738E-18 
 913.8137 	 0.181804492155821 	 5.82519376639857 	 6.72039676319646E-18 	 1.47039958681324E-18 	 5.24999717638322E-18 
 915.2856 	 0.182604110027113 	 5.83618051337167 	 6.69563759919798E-18 	 1.45982607407538E-18 	 5.2358115251226E-18 
 916.7599 	 0.183404990708569 	 5.84718461135235 	 6.67096750498396E-18 	 1.44933330013747E-18 	 5.22163420484649E-18 
 918.2366 	 0.184207166579936 	 5.85820650523822 	 6.64638635435115E-18 	 1.43892059739587E-18 	 5.20746575695528E-18 
 919.7156 	 0.185010670020961 	 5.86924663992693 	 6.62189401814689E-18 	 1.42858730430311E-18 	 5.19330671384378E-18 
 921.197 	 0.18581543627215 	 5.8803041256232 	 6.59749036431985E-18 	 1.41833276530747E-18 	 5.17915759901238E-18 
 922.6808 	 0.18662149771325 	 5.89137940722467 	 6.57317525797044E-18 	 1.40815633079333E-18 	 5.16501892717711E-18 
 924.167 	 0.18742885434426 	 5.90247248473135 	 6.54894856140111E-18 	 1.39805735702267E-18 	 5.15089120437845E-18 
 925.6556 	 0.188237506165182 	 5.91358335814322 	 6.52481013416514E-18 	 1.38803520607614E-18 	 5.13677492808899E-18 
 927.1466 	 0.189047485555762 	 5.92471247235793 	 6.5007596729857E-18 	 1.37808920881823E-18 	 5.12267046416747E-18 
 928.64 	 0.189858760136254 	 5.93585938247784 	 6.47679719274379E-18 	 1.36821877673092E-18 	 5.10857841601287E-18 
 930.1358 	 0.190671329906656 	 5.94702408850294 	 6.4529225450771E-18 	 1.35842328898908E-18 	 5.09449925608802E-18 
 931.634 	 0.19148519486697 	 5.95820659043325 	 6.42913557906505E-18 	 1.3487021303597E-18 	 5.08043344870535E-18 
 933.1346 	 0.192300419776689 	 5.96940777806402 	 6.40543598232439E-18 	 1.33905465604747E-18 	 5.06638132627692E-18 
 934.6376 	 0.193116907496573 	 5.98062631670236 	 6.38182359993851E-18 	 1.32948026320071E-18 	 5.0523433367378E-18 
 936.1431 	 0.193934755165862 	 5.99186354104115 	 6.35829843293039E-18 	 1.31997838855718E-18 	 5.03832004437321E-18 
 937.651 	 0.194753898025063 	 6.00311856128515 	 6.33486016274642E-18 	 1.31054840491489E-18 	 5.02431175783152E-18 
 939.1613 	 0.195574336074174 	 6.01439137743435 	 6.31150878509524E-18 	 1.30118975877758E-18 	 5.01031902631766E-18 
 940.674 	 0.196396134072692 	 6.02568287928401 	 6.28824382037831E-18 	 1.29190180149548E-18 	 4.99634201888283E-18 
 942.1892 	 0.197219227261122 	 6.03699217703887 	 6.26506541708164E-18 	 1.28268402289231E-18 	 4.98238139418933E-18 
 943.7068 	 0.198043680398957 	 6.04832016049419 	 6.24197324920404E-18 	 1.27353581840283E-18 	 4.96843743080121E-18 
 945.2269 	 0.198869428726704 	 6.05966593985471 	 6.21896699021212E-18 	 1.26445659023234E-18 	 4.95451039997978E-18 
 946.7494 	 0.199696504624109 	 6.07102996001806 	 6.19604677995536E-18 	 1.255445840925E-18 	 4.94060093903037E-18 
 948.2743 	 0.200524940470921 	 6.08241266588188 	 6.17321213225727E-18 	 1.2465029514697E-18 	 4.92670918078756E-18 
 949.8017 	 0.201354703887392 	 6.09381361254852 	 6.15046318130003E-18 	 1.23762743270101E-18 	 4.91283574859902E-18 
 951.3316 	 0.202185794873521 	 6.10523280001799 	 6.12779943869893E-18 	 1.22881867704342E-18 	 4.89898076165551E-18 
 952.864 	 0.203018213429309 	 6.11667022829029 	 6.10522072540397E-18 	 1.2200761441803E-18 	 4.88514458122368E-18 
 954.3988 	 0.203851991934504 	 6.12812634226306 	 6.08272716726132E-18 	 1.21139935708849E-18 	 4.87132781017283E-18 
 955.936 	 0.204687130389105 	 6.13960114193628 	 6.06031812015388E-18 	 1.20278769600881E-18 	 4.85753042414507E-18 
 957.4758 	 0.205523564033617 	 6.15109373751471 	 6.03799385828774E-18 	 1.19424072147414E-18 	 4.8437531368136E-18 
 959.018 	 0.206361390007284 	 6.16260546369122 	 6.01575373690174E-18 	 1.18575782531402E-18 	 4.82999591158772E-18 
 960.5628 	 0.207200543550609 	 6.17413543067056 	 5.99359787247322E-18 	 1.17733854728366E-18 	 4.81625932518955E-18 
 962.11 	 0.208041057043341 	 6.18568408335037 	 5.97152592314848E-18 	 1.16898234649757E-18 	 4.80254357665091E-18 
 963.6597 	 0.208882930485479 	 6.19725142173064 	 5.94953784823755E-18 	 1.16068874216248E-18 	 4.78884910607507E-18 
 965.2119 	 0.209726131497276 	 6.20883700091373 	 5.92763315383645E-18 	 1.15245717635132E-18 	 4.77517597748513E-18 
 966.7666 	 0.210570724838228 	 6.22044171069492 	 5.90581194598099E-18 	 1.14428720387458E-18 	 4.76152474210641E-18 
 968.3238 	 0.211416645748838 	 6.23206466127894 	 5.88407372982407E-18 	 1.13617827697342E-18 	 4.74789545285065E-18 
 969.8835 	 0.212263958988602 	 6.24370674246104 	 5.86241860629387E-18 	 1.12812995778014E-18 	 4.73428864851372E-18 
 971.4457 	 0.213112632177773 	 6.25536750934361 	 5.84084607978622E-18 	 1.12014170850105E-18 	 4.72070437128517E-18 
 973.0105 	 0.213962665316351 	 6.26704696192664 	 5.81935609907429E-18 	 1.11221307339977E-18 	 4.70714302567451E-18 
 974.5777 	 0.214814058404335 	 6.27874510021013 	 5.79794846277435E-18 	 1.1043435748933E-18 	 4.69360488788105E-18 
 976.1475 	 0.215666843821473 	 6.29046236909171 	 5.77662282217762E-18 	 1.09653271513861E-18 	 4.68009010703901E-18 
 977.7198 	 0.216520989188018 	 6.30219832367375 	 5.7553791203635E-18 	 1.08878004988999E-18 	 4.66659907047352E-18 
 979.2947 	 0.21737649450397 	 6.31395296395625 	 5.73421715200499E-18 	 1.08108511392552E-18 	 4.65313203807947E-18 
 980.8721 	 0.218233392149075 	 6.32572673483684 	 5.71313656629478E-18 	 1.07344742257134E-18 	 4.63968914372343E-18 
 982.452 	 0.219091682123335 	 6.33751963631552 	 5.69213715720211E-18 	 1.06586651956166E-18 	 4.62627063764044E-18 
 984.0344 	 0.219951332047002 	 6.34933122349466 	 5.67121886054358E-18 	 1.05834197547879E-18 	 4.61287688506479E-18 
 985.6195 	 0.220721783643638 	 6.36154846200426 	 5.64775982084558E-18 	 1.05085407433727E-18 	 4.59690574650831E-18 
 987.207 	 0.22148801477555 	 6.37380816011486 	 5.62429598097184E-18 	 1.04342122973836E-18 	 4.58087475123348E-18 
 988.7972 	 0.22225548292412 	 6.38608765049198 	 5.6009451331764E-18 	 1.03604386586759E-18 	 4.56490126730881E-18 
 990.3898 	 0.223024159321519 	 6.39838647285035 	 5.57770674330372E-18 	 1.02872153685869E-18 	 4.54898520644502E-18 
 991.9851 	 0.223794101503403 	 6.41070554776051 	 5.55458027910554E-18 	 1.02145380076355E-18 	 4.53312647834199E-18 
 993.5829 	 0.224565280701946 	 6.42304441493719 	 5.53156521024161E-18 	 1.01424021951464E-18 	 4.51732499072697E-18 
 995.1833 	 0.225337725684975 	 6.43540353466566 	 5.50866100828017E-18 	 1.00708035888762E-18 	 4.50158064939254E-18 
 996.7863 	 0.226111378916833 	 6.44778198637538 	 5.48586714669823E-18 	 9.99973788464318E-19 	 4.48589335823392E-18 
 998.3919 	 0.226886297933177 	 6.46018069063688 	 5.4631828700875E-18 	 9.92920060551457E-19 	 4.47026280953604E-18 
 1000 	 0.227662453966178 	 6.47259918716491 	 5.44060766093183E-18 	 9.85918753050927E-19 	 4.4546889078809E-18 
